5.30883662543
5.22016037903
5.42323418822
5.39264829963
5.38859187129
5.47746675003
5.38295895153
5.31620591994
5.41785750067
5.5366899056
5.51702565359
5.5139026925
5.42199875794
5.29569477506
5.34584856676
5.48567141744
5.43919075302
5.48145685123
5.44089675692
5.39178883952
5.44537872623
5.46110942966
5.50606038074
5.38352482677
5.47652630098
5.43392123617
5.53436705929
6.0513993456
5.30080789949
5.337452947
5.56648161394
5.5254052152
5.47598870204
5.54239473795
5.32066066022
5.50695509897
5.51369114383
5.40624780728
5.44719050447
5.40935261568
5.44208296548
5.3467677213
5.37582459473
5.45672625288
5.42415788094
5.33368940536
5.35308450881
5.40470692305
5.51182490752
5.52709132095
5.57430996209
5.54121865301
5.45847938395
5.59249442067
5.59751189438
5.45395482563
5.48789337668
5.5425787085
5.58382476509
5.55982516165
5.44571943829
5.41433552946
5.43335920092
5.51069245885
5.27546429872
5.32639027798
5.30269333576
5.27055643934
5.33922772167
5.37753548589
5.44732699874
5.61243340668
5.70353338646
5.46587800204
5.66290940864
5.71771308205
5.60236913568
5.50520231698
5.52307154709
5.79843949691
5.77758345089
5.74300257384
5.68494817232
5.68535381515
5.73624209267
5.79630411204
5.74462758881
5.58963572087
5.68599125389
5.64859147333
5.62312673825
5.57014322124
5.46651578987
5.50165137128
5.56246218917
5.47895073255
5.43779927941
5.48571121372
5.39160940714
5.37728937729
5.21005247175
5.35975422652